115.52222410627408 
122.61956833593838 
112.40298071649109 
110.66883415014568 
113.52571628781342 
6373.570088177596 
7069.204868764916 
117.89437897402068 
111.92943028715912 
113.11632500234175 
114.06296264227403 
112.33505567033755 
111.75139389250116 
118.47253651090088 
114.31369466793487 
111.46160099719816 
110.62781501269444 
111.30085285187697 
145.6255610583375 
166.32197811105613 
115.63662825107643 
113.68333029737236 
111.73229811181434 
120.63393927615817 
105.68877191407279 
114.28227680287569 
134.59946754065874 
8789.26925154477 
114.34908689692936 
115.48108912097165 
113.14740996646074 
114.21425477862817 
109.44569617843142 
113.6932566607142 
61.11245147215529 
54.41781402019623 
36.07101403872222 
38.7442358017212 
39.03148274093729 
42.10929117082472 
10876.474893335897 
2866.485744803722 
12289.800406652847 
57.88327922159099 
54.17664136334283 
54.77207292821591 
41.562586937085676 
38.722750693667216 
37.22594435160784 
41.53696465640958 
39.385883401433276 
58.3058600018377 
95.22457239962458 
62.82532763892362 
8569.124649917345 
12209.718756558243 
